5.00 , 5.80 , 10.60 , 11.00 : 56.29: 2.57
5.00 , 10.60 , 5.80 , 11.00 : 119.10: 2.67
5.00 , 11.00 , 7.10 , 12.10 : 89.53: 1.88
5.10 , 9.90 , 8.20 , 11.80 : 76.92: 1.84
5.10 , 10.30 , 6.90 , 11.30 : 95.31: 2.21
5.10 , 11.40 , 6.70 , 12.20 : 99.14: 2.06
5.20 , 8.00 , 7.30 , 9.50 : 90.85: 2.85
5.20 , 11.60 , 6.80 , 12.40 : 99.76: 2.08
5.30 , 10.10 , 6.20 , 10.60 : 117.48: 2.95
5.30 , 10.10 , 6.70 , 10.90 : 104.57: 2.59
5.30 , 10.90 , 5.70 , 11.10 : 136.81: 3.25
5.40 , 11.10 , 5.80 , 11.30 : 137.19: 3.26
5.50 , 6.70 , 11.90 , 12.50 : 55.06: 2.33
5.60 , 9.60 , 6.10 , 9.90 : 133.28: 3.83
5.60 , 11.20 , 7.40 , 12.20 : 98.36: 2.30
5.70 , 9.30 , 7.50 , 10.50 : 98.93: 2.91
5.80 , 11.90 , 6.20 , 12.10 : 138.61: 3.31
5.90 , 9.60 , 7.70 , 10.80 : 100.03: 2.96
6.20 , 10.70 , 7.80 , 11.70 : 105.29: 2.92
6.40 , 10.10 , 7.60 , 10.90 : 114.73: 3.55
6.50 , 11.10 , 7.00 , 11.40 : 136.43: 3.96
6.60 , 9.50 , 9.00 , 11.30 : 94.33: 3.21
6.70 , 10.30 , 7.30 , 10.70 : 133.22: 4.32
6.80 , 7.60 , 9.30 , 9.90 : 93.97: 4.52
7.00 , 8.60 , 9.80 , 11.00 : 91.17: 3.81
7.00 , 9.00 , 9.20 , 10.80 : 99.08: 3.90
7.10 , 9.10 , 8.10 , 9.90 : 122.46: 4.88
