1.00 , 2.00 , 2.20 , 2.80 : 54.07: 0.13706
1.00 , 2.60 , 1.80 , 3.00 : 67.50: 0.10581
1.00 , 2.90 , 2.20 , 3.50 : 54.07: 0.09203
1.00 , 3.40 , 1.30 , 3.50 : 100.57: 0.08774
1.00 , 3.80 , 1.60 , 4.00 : 77.36: 0.07298
1.00 , 4.20 , 1.90 , 4.50 : 63.51: 0.06388
1.10 , 1.70 , 1.90 , 2.30 : 70.75: 0.18985
1.10 , 1.90 , 2.80 , 3.20 : 46.26: 0.15996
1.20 , 2.70 , 2.80 , 3.70 : 50.75: 0.11988
1.20 , 2.80 , 2.70 , 3.70 : 52.78: 0.11563
1.20 , 4.00 , 1.50 , 4.10 : 106.26: 0.09146
1.30 , 2.10 , 3.20 , 3.60 : 47.94: 0.17339
1.30 , 2.90 , 1.70 , 3.10 : 99.76: 0.13595
1.30 , 2.90 , 2.20 , 3.40 : 72.44: 0.12594
1.30 , 4.30 , 1.60 , 4.40 : 108.68: 0.09308
1.40 , 2.20 , 3.40 , 3.80 : 48.63: 0.17936
1.40 , 2.60 , 2.60 , 3.40 : 65.16: 0.15176
1.60 , 3.50 , 2.00 , 3.70 : 106.26: 0.14210
1.60 , 3.80 , 2.40 , 4.20 : 83.62: 0.12104
1.70 , 2.50 , 2.50 , 3.10 : 85.69: 0.20857
1.80 , 3.90 , 2.20 , 4.10 : 109.81: 0.14553
1.90 , 2.90 , 2.60 , 3.40 : 93.90: 0.20395
2.00 , 2.50 , 3.60 , 3.90 : 67.50: 0.24775
2.00 , 3.60 , 2.50 , 3.90 : 106.26: 0.17575
